                  Temp     Hi    Low   Out    Dew  Wind  Wind   Wind    Hi    Hi   Wind   Heat    THW                Rain    Heat    Cool    In     In    In     In     In   In Air   Temp  Wind  Wind    ISS   Arc.
  Date    Time     Out   Temp   Temp   Hum    Pt. Speed   Dir    Run Speed   Dir  Chill  Index  Index   Bar    Rain  Rate    D-D     D-D    Temp   Hum    Dew   Heat    EMC Density    2nd  Samp   Tx   Recept  Int.
----------------------------------------------------------------------------------------------------------------------------------------------------------------------------------------------------------------------
29/09/21   0:01   15.4   15.4   15.4    69    9.8   4.8     S   0.08   8.0   SSW   15.4   15.1   15.1  1019.3  0.00   0.0   0.002   0.000   25.7    40   11.1   25.2   7.59 1.1736    15.6    22    1     95.7    1 
29/09/21   0:02   15.4   15.4   15.4    69    9.8   4.8     S   0.08   6.4     S   15.4   15.1   15.1  1019.4  0.00   0.0   0.002   0.000   25.7    40   11.1   25.2   7.59 1.1737    15.6    23    1    100.0    1 
29/09/21   0:03   15.4   15.4   15.4    69    9.8   4.8     S   0.08   6.4     S   15.4   15.1   15.1  1019.4  0.00   0.0   0.002   0.000   25.7    40   11.1   25.2   7.59 1.1737    15.6    22    1     95.7    1 
29/09/21   0:04   15.5   15.5   15.4    69    9.8   4.8   SSW   0.08   8.0   SSW   15.5   15.1   15.1  1019.4  0.00   0.0   0.002   0.000   25.7    40   11.1   25.2   7.59 1.1737    15.6    24    1    100.0    1 
29/09/21   0:05   15.5   15.5   15.4    69    9.8   4.8   SSW   0.08   6.4   SSW   15.5   15.1   15.1  1019.4  0.00   0.0   0.002   0.000   25.7    40   11.1   25.2   7.59 1.1737    15.6    22    1     95.7    1 
29/09/21   0:06   15.4   15.5   15.4    68    9.6   4.8     S   0.08   9.7     S   15.4   15.1   15.1  1019.3  0.00   0.0   0.002   0.000   25.7    40   11.1   25.2   7.59 1.1736    15.6    24    1    100.0    1 
29/09/21   0:07   15.4   15.4   15.4    68    9.6   9.7     S   0.16  14.5     S   15.2   15.1   14.8  1019.3  0.00   0.0   0.002   0.000   25.7    40   11.1   25.2   7.59 1.1736    15.0    22    1     95.7    1 
29/09/21   0:08   15.4   15.5   15.4    68    9.6   6.4     S   0.11   9.7     S   15.4   15.1   15.1  1019.3  0.00   0.0   0.002   0.000   25.7    40   11.1   25.2   7.59 1.1736    15.0    23    1    100.0    1 
29/09/21   0:09   15.4   15.4   15.4    68    9.6   4.8   SSW   0.08   9.7   SSE   15.4   15.1   15.1  1019.3  0.00   0.0   0.002   0.000   25.7    40   11.1   25.2   7.59 1.1736    15.6    22    1     95.7    1 
29/09/21   0:10   15.4   15.4   15.4    69    9.8   4.8     S   0.08   8.0     S   15.4   15.1   15.1  1019.3  0.00   0.0   0.002   0.000   25.7    40   11.1   25.2   7.59 1.1736    15.6    22    1     95.7    1 
29/09/21   0:11   15.4   15.4   15.4    69    9.8   6.4     S   0.11   8.0     S   15.4   15.1   15.1  1019.3  0.00   0.0   0.002   0.000   25.7    40   11.1   25.2   7.59 1.1736    15.6    24    1    100.0    1 
29/09/21   0:12   15.4   15.4   15.4    69    9.8   3.2     S   0.05   4.8     S   15.4   15.1   15.1  1019.3  0.00   0.0   0.002   0.000   25.7    40   11.1   25.2   7.59 1.1736    15.0    22    1     95.7    1 
29/09/21   0:13   15.4   15.4   15.4    69    9.8   3.2   SSW   0.05   9.7    SW   15.4   15.1   15.1  1019.3  0.00   0.0   0.002   0.000   25.7    40   11.1   25.2   7.59 1.1736    15.6    24    1    100.0    1 
29/09/21   0:14   15.4   15.4   15.4    69    9.8   4.8   SSE   0.08  11.3    SW   15.4   15.1   15.1  1019.3  0.00   0.0   0.002   0.000   25.7    40   11.1   25.2   7.59 1.1736    15.6    20    1     87.0    1 
29/09/21   0:15   15.4   15.4   15.4    69    9.8   6.4     S   0.11   9.7     S   15.4   15.1   15.1  1019.2  0.00   0.0   0.002   0.000   25.7    40   11.1   25.2   7.59 1.1735    15.6    23    1    100.0    1 
29/09/21   0:16   15.4   15.4   15.4    69    9.8   3.2   SSE   0.05   8.0     S   15.4   15.1   15.1  1019.2  0.00   0.0   0.002   0.000   25.7    40   11.1   25.2   7.59 1.1735    15.6    21    1     91.3    1 
29/09/21   0:17   15.4   15.4   15.4    69    9.8   3.2     S   0.05   4.8     S   15.4   15.1   15.1  1019.3  0.00   0.0   0.002   0.000   25.7    40   11.1   25.2   7.59 1.1736    15.6    22    1     95.7    1 
29/09/21   0:18   15.5   15.5   15.4    69    9.8   4.8     S   0.08   8.0     S   15.5   15.1   15.1  1019.2  0.00   0.0   0.002   0.000   25.7    40   11.1   25.2   7.59 1.1735    15.6    24    1    100.0    1 
29/09/21   0:19   15.5   15.5   15.5    68    9.6   4.8   SSW   0.08   8.0   SSW   15.5   15.1   15.1  1019.2  0.00   0.0   0.002   0.000   25.7    40   11.1   25.2   7.59 1.1735    15.6    22    1     95.7    1 
